-239
-367
-356
668
223
996
-379
94
-1
-217
747
-743
-500
302
32
431
-710
687
300
412
-852
96
385
367
-826
-166
-229
595
-810
-265
-765
685
116
-416
-93
-232
-673
503
-922
393
750
194
530
-346
-773
-246
731
-927
-363
128
-566
23
949
-129
-739
505
-568
379
-9
-763
729
465
-38
126
-430
559
-432
744
718
240
966
-707
-390
-429
225
470
694
126
152
874
-160
857
-242
-318
-908
21
376
-889
57
555
-518
480
94
599
-779
-228
-310
78
580
-793
-685
-386
894
298
812
594
-829
-972
-738
853
9
802
-838
929
515
735
64
32
367
248
-215
377
782
318
-61
145
697
-104
451
775
-303
890
-765
-757
571
-91
319
-357
0
-362
596
-950
103
-131
400
-874
335
85
-319
11
-474
429
83
479
691
-950
-709
-147
-785
-207
-520
885
335
-378
-423
-712
-752
-580
-42
297
-463
-705
-581
457
727
-75
527
-605
818
-465
550
-302
550
297
228
354
405
59
439
-122
735
-238
559
975
779
331
-801
-58
492
-731
-337
-799
414
-528
-38
843
-71
548
976
322
655
158
16
651
949
-647
-148
261
-762
243
390
-963
-341
-51
-395
857
-517
469
-127
-956
-548
-890
195
-970
-930
-726
-747
905
633
72
993
-422
521
543
764
-112
-934
104
682
-129
679
922
834
-851
-904
560
-45
488
612
59
-115
-830
786
-692
652
-539
-374
470
-329
680
619
680
-718
401
-472
-3
32
-953
-77
-36
410
466
-563
-242
594
153
-638
-647
119
879
-721
821
-382
-269
589
961
187
-768
799
111
655
-346
-355
-824
587
-761
-364
-823
-660
564
672
454
64
-263
-717
987
-440
-337
-81
-62
235
-3
495
-836
-843
937
-261
624
-137
354
357
88
250
-135
689
-285
-744
-922
247
-107
-495
-358
137
922
935
-900
743
476
-502
872
-496
-338
413
698
989
455
125
477
-437
609
95
337
704
-832
700
-232
401
-73
444
-118
780
-676
-794
-685
-421
464
274
-54
952
480
674
138
-277
691
-493
-575
65
198
-970
-420
-483
-759
-322
8
-407
-675
57
686
-605
335
459
314
632
-979
-634
731
-413
-466
-702
604
769
-120
-19
329
-362
928
-533
926
-803
-666
-640
86
909
-732
-154
-812
-348
754
-247
315
159
265
-486
102
893
996
318
430
-344
586
-618
539
136
-775
-178
-364
631
-354
-219
-625
-902
447
329
496
-771
912
403
256
-134
920
-477
-611
70
7
-552
-618
-474
146
-777
-366
195
659
-602
862
-924
-993
-773
-786
317
678
271
40
-89
-19
-560
-276
78
312
-765
-815
500
-641
638
649
898
558
421
437
520
195
-982
-680
106
-604
819
-497
-336
-389
-817
-676
411
916
849
936
-526
-659
602
-560
200
-482
-232
-839
-716
-910
-714
991
166
-684
0
-490
811
157
-347
981
778
327
-434
-195
-311
-560
-117
-553
-69
-304
958
381
-215
348
-866
-904
270
414
488
-459
996
151
186
591
764
816
-743
-961
-171
-207
137
-244
880
-633
8
-442
936
-984
-681
-286
17
199
-855
-655
402
-679
320
183
-598
-450
-325
492
-900
125
-442
-707
356
962
-63
-201
-873
582
-870
-724
460
-127
911
364
847
-932
-125
-995
958
985
456
-153
989
760
-889
505
67
186
-43
347
-742
836
-179
-800
-786
-611
732
-627
47
488
731
856
343
-124
726
632
-639
-369
-81
-961
-978
983
-744
-294
935
-123
-863
-112
549
-381
859
-935
998
440
-812
444
-483
640
291
-634
83
9
969
-168
-546
-552
-656
370
-269
865
597
528
-952
355
-169
-426
665
630
-306
290
-306
859
-312
-570
709
146
-879
-234
-871
-223
455
-500
-42
-11
-311
-178
-677
861
928
61
464
498
-553
-15
-952
-8
-60
-731
474
-377
-459
272
394
421
-671
-880
-890
-128
-447
-688
-770
730
-519
289
-58
-49
365
312
-345
-926
203
452
130
762
-57
-619
-650
505
32
134
-936
-604
-146
147
77
-747
-340
709
936
-426
-521
-156
806
-640
-764
-762
-744
273
24
-799
566
-958
978
-462
-750
471
-857
318
728
-969
385
206
-310
598
-184
-765
226
302
261
26
-25
-856
444
726
-818
-446
-865
279
604
334
-878
-584
-170
405
997
88
-801
-669
-749
786
280
-987
519
-73
-941
-601
-784
641
728
-245
329
832
-529
914
-312
129
259
-559
-297
707
-431
289
614
-232
204
-864
653
-310
150
-533
977
-290
-224
521
334
323
676
714
-963
-868
893
-336
-789
64
-417
686
373
-647
610
216
-739
-330
721
-513
-426
-836
-341
981
-396
-998
470
-280
645
-602
-702
-810
640
-907
259
-806
946
-14
-859
-835
647
-501
-662
-748
-436
17
-777
385
480
746
-74
-596
422
921
-286
362
140
818
-637
74
119
902
489
-278
560
-51
-747
-421
-572
36
0
-419
75
-672
649
77
278
-342
-507
672
-831
784
-603
-259
-28
-350
-181
-477
-667
-138
-143
932
-438
-688
-402
439
-940
-161
911
-680
-703
182
-328
80
-819
-762
-577
956
49
989
-787
-229
-524
-402
-338
251
-393
233
13
566
-36
-936
-499
-631
-715
-677
-702
-808
752
-726
643
-189
-631
-900
904
33
602
518
-871
-882
-677
-503
253
656
-122
-597
634
263
799
832
-19
549
988
-705
643
610
-546
718
-501
800
-502
226
-362
949
-479
-742
-244
624
-533
-154
582
467
-279
-511
596
911
-425
-312
577
-831
-65
-465
92
-925
352
-357
344
884
417
-692
-170
-642
635
-42
-423
-256
-613
270
720
-237
513
-259
-799
-351
-562
626
-969
-216
876
-339
390
239
-953
416
188
-686
450
134
610
943
-109
-421
744
-275
-942
357
-518
613
44
965
-973
198
639
703
53
102
-231
-356
-391
961
967
229
841
434
-577
838
733
218
507
-510
95
-662
104
573
-331
-265
968
-64
-89
-632
-837
-130
316
-679
612
-542
720
-128
396
-7
156
-611
-644
195
643
921
805
663
26
-211
54
-101
502
206
-993
572
512
704
415
673
729
942
-516
-799
137
-612
-146
-926
433
-579
-980
-594
-238
-614
718
-19
-870
-678
-668
-502
651
561
334
566
-994
937
878
499
-753
122
-551
-217
588
97
-472
-642
314
586
367
3
-484
-254
-120
-743
696
306
-265
-961
354
60
-765
559
-877
-280
711
520
595
-319
-785
2
811
387
-612
-157
-785
477
365
-870
-612
762
226
828
233
-510
578
600
84
-815
35
-663
98
703
672
-531
-69
399
75
-434
600
826
-63
-200
135
-616
215
-291
-807
200
-534
-145
-94
770
-902
-266
512
-164
145
-735
851
973
861
-53
-677
433
345
519
-89
880
246
-545
980
847
-797
-592
279
-79
758
657
921
26
405
480
-527
-625
-210
903
-31
-404
-48
-49
-755
-217
-59
-255
650
-168
-527
-929
-710
-514
384
-761
788
-594
209
-959
-303
107
830
-441
576
263
891
153
-787
626
-7
947
789
-690
357
683
263
495
-841
495
-960
-833
-154
-384
15
833
392
-568
567
-3
66
-276
183
-996
615
884
-812
672
-803
-607
268
-264
-594
136
-474
-665
389
-919
-959
-178
-718
-5
-344
254
-763
625
806
17
-325
936
-753
-649
87
611
-216
-914
302
-186
667
377
-255
360
283
130
-129
-648
-871
58
-116
92
952
-961
903
931
741
-75
899
421
-12
-794
-795
223
-85
644
-350
38
423
809
483
-415
578
767
-71
908
-475
821
30
0
272
592
-571
-490
280
-769
725
237
-691
-660
-515
-474
-92
-355
376
84
6
547
-694
-540
-960
314
571
410
-794
404
191
634
-223
843
-380
-962
-879
-890
-254
265
-319
-668
27
-614
751
-997
-386
324
443
250
13
-379
-77
-271
132
915
-524
650
197
690
-779
932
73
713
-45
523
-336
457
208
381
-539
-340
186
765
580
387
894
-607
512
-259
-807
306
-424
-73
375
987
-249
684
754
-540
-617
359
-616
-977
-109
20
6
909
-531
472
-501
205
79
-311
147
-121
482
-416
-916
453
522
215
676
522
-512
148
-905
32
-618
-996
644
-108
-126
-14
-418
-60
19
33
126
-681
-487
-960
-128
-122
-213
-355
-22
651
-570
8
846
-838
-84
689
698
983
-766
506
-5
-815
196
533
944
-787
453
646
-731
498
-270
-741
-783
54
14
-749
-995
416
371
137
-595
34
822
-820
351
-321
-309
-642
83
-763
-672
879
750
-722
739
420
-570
-228
177
555
941
314
469
-552
123
-687
-622
448
948
-801
483
717
15
619
-767
-766
-137
614
159
402
13
-830
-113
-730
-360
-22
-201
-128
8
204
-129
-247
-681
-141
782
197
-463
-587
-923
352
183
-331
-384
-454
205
328
-887
-924
-364
497
850
-578
43
958
-783
163
608
-778
148
381
-720
516
-795
347
-236
128
331
-634
697
-18
-40
352
649
-300
217
-914
269
569
29
-441
46
718
-263
-960
-509
627
585
827
221
-746
156
62
-552
-901
730
-501
950
849
605
-962
-707
-402
13
-834
457
155
-846
774
-896
133
-804
-441
458
-901
346
426
936
-929
46
826
292
-286
222
-121
140
935
-958
-287
633
206
862
318
763
-231
202
591
-283
-396
254
-732
-770
110
0
-928
-545
-453
-522
852
-443
-482
-714
-621
684
-267
173
479
314
-943
-380
114
966
337
543
790
-933
972
-699
-731
776
487
957
411
-971
-786
-985
698
325
469
96
13
150
327
-573
-937
-436
974
-64
-936
507
904
181
136
906
-523
-668
-320
489
-971
728
576
-965
760
-407
-263
385
-558
-112
237
-299
-642
-660
-495
582
-841
443
673
-167
14
-591
76
-160
355
-237
154
97
91
-251
-611
-313
-358
58
573
-665
-323
394
479
109
833
128
-635
-852
-162
-499
595
78
638
-389
-803
487
220
496
174
-127
-302
517
521
-270
-324
702
33
-301
-960
-402
-202
881
962
-462
896
858
-938
581
489
-664
-629
999
232
194
-481
126
-286
-400
-560
972
101
86
-121
494
53
654
-365
233
-530
-773
200
-828
877
218
54
305
898
371
-27
220
-809
116
-957
-52
852
-115
181
428
971
711
43
-68
233
-938
467
551
932
-382
-124
267
-525
877
8
166
-858
-283
-465
-180
-326
815
983
409
924
-692
-280
461
-334
-55
510
529
-501
434
624
100
-354
220
-181
-384
611
-892
185
841
-830
996
724
-410
151
95
465
-311
-385
197
329
530
389
-388
856
349
-894
-665
106
-535
-224
-194
-110
-51
-565
-506
-193
410
723
342
711
15
545
-153
-5
127
-420
-489
628
295
-548
-762
-131
387
-892
122
978
-564
996
-442
-374
-827
-96
-637
-69
984
-187
-817
-433
173
-987
-7
349
-276
971
418
735
862
890
-524
-740
509
-462
406
908
616
-158
-132
878
-86
-255
133
398
-467
-589
-836
-733
-441
-671
-27
732
-751
112
692
-139
946
514
316
926
549
254
-887
706
515
857
-82
-533
-89
859
-390
-630
-429
-344
141
-847
-608
593
694
906
856
502
265
734
163
-707
136
422
-587
589
231
-626
-908
579
-301
455
-468
451
-200
-143
321
515
2
-64
-54
-898
-931
876
-893
-328
-354
870
957
-106
327
796
772
-184
-418
-738
-408
-532
-812
826
-860
215
930
-848
-521
-854
41
45
876
-406
-621
662
771
426
439
-38
-870
-248
606
290
-173
755
-79
-899
-694
-663
-362
-742
671
499
-381
369
-928
-694
-788
583
-231
477
158
619
-774
472
-847
-475
-146
-211
-476
-189
-392
-946
-287
-123
42
476
863
553
-203
-884
946
104
-98
-376
-339
848
648
647
-141
-100
-968
-437
-784
-230
896
-227
636
-21
-907
-220
132
-390
25
-61
693
-521
614
-954
905
-701
-140
-108
-706
418
-276
688
-570
521
-968
699
-916
492
316
-465
239
129
-391
657
-706
-194
351
9
-188
-820
454
185
-985
-741
-862
439
-720
630
315
25
145
-106
64
-500
-851
-212
662
-383
107
404
-484
809
-336
-362
83
131
945
173
-750
630
518
-677
891
768
593
47
-83
-656
-519
871
-915
660
136
327
-997
-325
-254
-221
-732
45
182
-946
-711
-144
-784
675
874
308
812
-323
-757
535
495
-87
480
-26
-621
-618
-307
-705
-614
-111
-910
281
-329
-882
698
33
556
-226
-813
747
486
-596
-672
474
600
-421
155
-41
-752
-106
-814
486
-400
-9
703
-845
-258
-457
-705
973
-827
-96
-464
-303
-559
120
-278
-753
-644
193
585
-177
-651
105
883
-43
512
466
-210
283
591
984
553
457
827
-140
784
690
182
-294
-991
-35
-892
539
-331
-194
-250
842
-745
-783
-919
-279
173
551
0
-408
-108
-237
363
-95
620
994
953
-328
-210
-545
-87
824
-101
509
963
491
-832
-566
-865
-24
271
383
-825
-214
411
-493
706
741
557
-525
956
-524
767
-494
522
919
-673
-49
658
-321
-25
872
620
959
-588
-639
-473
953
251
241
-528
-915
-452
167
-107
666
-296
233
-657
-842
975
95
442
467
340
-206
-287
-781
768
-142
-136
-868
-649
-492
393
899
142
714
294
30
-37
649
-798
-260
856
-613
-728
-801
537
240
-160
-754
-333
-510
-295
152
-775
-629
293
661
823
692
825
498
-555
301
-315
-362
-28
570
-118
-425
-149
190
-129
-698
-687
-468
-536
303
792
543
-744
470
611
171
-669
298
-893
-789
-918
-584
-678
751
583
275
439
-937
635
-339
-290
-154
-160
102
119
988
-922
-366
-776
-66
2
841
647
869
484
705
265
-543
-437
336
793
-385
-686
524
-506
-908
-93
-700
629
694
-357
-997
150
424
-557
-188
468
-797
929
-805
-986
-231
621
-975
22
550
-408
803
-638
-59
-606
318
-263
-698
-679
-315
215
200
-267
-619
-489
419
-638
-585
-421
262
-783
883
-99
901
-662
-864
-621
-185
-325
65
578
-430
-906
-646
362
24
716
818
-179
497
939
551
-855
11
-656
-131
827
-426
-198
-344
-910
-378
47
363
716
30
-794
-610
-832
-453
885
173
123
-769
133
-560
771
-526
248
-842
919
-944
-874
-496
-28
-984
-854
-490
-303
401
728
410
824
212
705
690
222
257
-573
231
-21
-772
318
-974
17
-151
414
-217
297
-340
-33
733
-765
503
670
990
-288
925
-902
-16
831
302
293
-720
178
848
-663
-716
127
-911
220
-945
-248
994
-294
-658
-581
-390
655
546
-887
-832
655
-79
-308
-843
-688
355
554
-711
-700
-998
-987
274
-739
-920
198
915
-784
-989
-956
-477
-341
-905
639
-995
542
-841
501
436
747
-637
402
-870
-858
-615
857
745
879
300
510
-193
409
602
418
-549
-102
-271
-732
493
297
-660
655
510
330
103
-790
-580
257
464
233
-281
-969
648
26
725
954
135
844
9
-184
829
-16
105
-858
-775
-244
-356
-9
555
652
22
-197
-390
-994
534
-780
-280
176
388
503
707
413
-865
400
-710
671
-981
-228
392
233
-363
-944
-145
-511
-969
950
-155
-468
825
-91
-979
263
207
659
-254
979
-952
881
-831
-553
801
624
892
-261
-985
321
836
386
441
342
-10
-921
362
306
-561
-422
2
-69
973
-377
893
-381
85
-707
924
438
-649
-252
-951
-835
710
368
-848
-647
387
-987
-197
-624
823
760
30
-746
387
-149
-302
625
400
568
-22
488
962
955
212
-729
-655
372
126
277
200
502
-411
-257
-337
-165
-112
-689
516
-198
-724
215
-163
329
-705
-80
600
903
-121
-877
-905
-567
354
-770
263
-285
54
201
617
296
751
-316
666
869
806
582
-505
-989
-635
364
-463
304
364
423
-945
984
-362
583
318
329
-308
59
-145
244
-736
179
330
-956
-219
492
949
573
-624
-494
848
351
116
-472
-285
-793
829
188
180
-924
-395
-407
-765
376
735
499
698
-129
807
600
921
33
226
86
838
469
939
-324
588
-761
-371
-960
-490
209
727
224
-934
-846
-376
986
290
-294
479
-559
-630
-321
312
479
301
974
926
-765
671
388
108
373
587
644
785
859
338
-289
315
-473
192
-375
-344
172
-798
138
-136
-299
998
-669
573
911
862
-210
234
996
990
-910
-243
-60
378
-186
-799
839
-412
26
572
105
-770
-859
392
815
312
-858
893
-97
223
-785
58
788
-992
-736
830
-545
12
-410
-205
740
844
-760
507
-641
-476
-136
751
610
-83
291
271
-316
-135
855
-51
-193
873
148
-427
630
-457
438
80
642
-355
-12
509
994
-756
675
396
-36
59
-533
554
719
-753
-181
-365
541
217
-652
-905
-407
267
753
-162
-645
470
-627
-35
664
558
-687
38
985
-465
-257
880
651
-810
549
-354
-239
-855
832
-202
-965
263
-908
-890
624
185
268
-467
352
487
518
-924
-450
176
968
-747
752
-300
-468
572
-280
-907
878
130
-177
831
776
904
151
384
256
166
-920
229
-955
-334
395
-10
-644
817
597
516
21
769
530
-447
-549
-438
520
-81
-469
-32
737
-374
335
-271
902
-326
-701
61
-418
633
-812
-961
-396
948
413
-367
-341
283
-44
-592
-462
372
435
267
859
-32
855
-738
-71
-825
537
386
-718
-578
-544
43
238
556
-680
-931
941
337
-314
-808
-886
700
235
-229
-301
63
894
-112
-548
286
650
36
868
-873
883
-936
389
-893
-84
123
145
-155
-292
822
-78
-444
486
620
283
-876
795
-541
971
652
643
-635
879
787
188
-287
144
-601
-674
-648
851
-18
553
886
-751
987
-493
-163
904
-567
-634
527
208
482
-714
139
-73
-189
912
511
-721
-766
-532
-685
846
173
895
522
-635
682
-41
-531
373
-522
110
916
-126
54
-522
759
-254
14
-304
526
-712
-633
189
311
412
-675
350
496
-107
-704
-879
765
549
129
366
-624
905
-820
215
879
674
356
-532
729
-587
-197
-717
-406
-228
-339
120
542
-375
243
368
-677
282
-103
231
606
406
735
145
-455
313
655
-739
-707
-742
-139
-2
557
-78
313
-935
316
714
579
-809
749
48
-930
391
556
94
-943
752
404
947
-517
519
-185
-604
642
-686
-438
-854
-757
344
99
251
505
949
-8
395
913
-982
-856
-2
-328
128
-484
-523
632
323
721
-280
557
-289
188
-368
141
425
-726
805
-625
157
404
676
346
-114
-250
254
-427
-755
159
-332
312
286
-627
267
-444
-6
-269
458
-649
-425
-261
268
7
782
160
599
286
817
-767
637
-211
917
954
-489
146
-986
636
-699
968
-677
-324
897
-203
-819
-909
50
-707
-182
-628
-63
453
914
378
-720
-223
-290
799
201
-258
-622
-807
659
160
438
511
602
602
310
-666
-64
648
-933
118
805
-730
316
-892
-28
582
211
-859
-354
-689
-124
164
33
-43
544
828
645
261
-235
204
766
-366
709
-222
342
785
-255
-587
-766
352
112
-355
882
385
-683
-580
-415
-123
-868
936
-565
-82
910
501
746
125
343
-129
-718
305
923
-87
592
-772
645
-870
450
-300
213
-392
567
-236
579
958
478
923
401
-703
-372
-883
-558
422
549
-340
-57
-969
-944
850
-967
646
-931
-114
-234
258
926
268
-488
771
493
-188
-211
-727
977
-634
879
-867
-867
262
-936
615
411
-819
-715
-368
-189
66
-680
754
665
-229
580
288
-923
-29
-402
103
106
-602
-219
-689
270
838
309
794
-665
-961
147
-940
656
-393
-140
206
-801
197
217
-226
-800
-660
-639
-554
-308
810
639
-841
869
-917
-752
-494
-435
-286
962
739
216
-888
-15
-261
860
-623
-513
866
189
-284
663
809
980
499
-785
-750
-537
-226
-939
-481
-37
-584
-296
-871
887
-73
-108
-698
582
-500
390
292
808
-135
683
166
-763
-923
505
-65
956
-787
356
100
-950
330
395
-904
803
480
-138
-973
189
-890
-810
-630
-440
133
-199
-280
-990
999
-130
882
974
-438
925
821
-949
963
460
-598
0
-546
676
11
696
-323
-678
-770
653
-652
752
-698
-679
-322
947
965
-748
-974
-63
-13
283
21
172
-113
-498
629
16
-725
-774
-557
-927
72
317
900
96
-632
581
47
-333
452
-200
-398
-665
-460
-406
637
391
-220
-190
623
458
-782
-669
-191
-273
567
426
413
-299
463
783
-129
-77
547
-270
-790
-508
-121
-762
911
529
983
23
-703
-531
104
-662
659
-148
-146
-712
-165
264
-492
350
-430
365
706
-470
-280
-591
-618
113
-629
-104
441
992
-668
-631
-605
588
72
-311
230
-573
787
183
-423
-533
-185
-953
-806
234
644
-889
972
928
857
960
-780
420
406
592
673
-904
430
634
-438
-789
400
-416
91
11
-339
-10
805
578
11
39
68
311
893
677
480
54
976
-678
-882
-806
-699
-557
-734
544
567
288
-918
-701
240
133
391
-552
175
454
-370
993
84
643
965
449
-786
-505
448
-897
247
-731
-572
-255
-847
321
620
603
-198
47
115
-999
34
359
-360
-862
-7
310
-233
160
-410
-381
-924
907
-143
-328
520
-688
-477
-385
-641
-208
-404
474
-519
113
-630
251
229
552
511
121
977
234
490
586
624
963
-824
525
880
-886
-653
-284
831
949
723
680
744
293
-309
-288
298
-582
-121
619
693
502
279
59
-301
-912
-623
674
-786
398
-931
253
863
209
836
195
136
806
495
108
675
542
-314
227
-274
-167
273
30
548
188
-658
639
308
-299
247
-897
-885
-370
-252
-215
-329
-746
-572
-561
663
831
-146
-202
-603
202
474
-61
446
-740
-587
809
-22
-517
36
-42
-910
-426
689
-172
330
792
383
-882
391
-450
752
-269
-619
44
754
-26
-947
503
-723
293
-587
-969
-979
-23
452
-638
-305
988
-78
-271
-842
-780
-193
341
-202
-431
380
-86
843
507
499
-920
-21
-785
-798
-977
852
890
887
739
-306
-496
999
22
-160
951
222
778
-229
452
-617
473
-422
124
-403
-22
413
607
638
-508
996
43
-65
195
-408
545
52
-555
-179
528
803
307
311
-516
268
-703
830
-281
413
-549
24
-426
-806
699
897
791
653
14
665
-274
-756
17
-329
946
25
-745
-620
563
-507
518
-893
849
-76
-629
736
151
-242
-187
376
-341
718
604
163
70
-709
456
-688
-738
-67
718
341
-801
757
604
-353
266
303
-502
-627
501
-141
-743
-903
-708
-50
-190
-71
689
98
-886
662
754
-770
-257
-838
894
197
593
420
569
686
-805
-762
-752
948
-704
-511
-51
718
266
-565
-66
690
-652
-777
309
-937
944
201
321
247
857
-935
845
47
-893
860
-157
847
-703
-829
-940
373
-616
102
-294
819
-598
82
-752
-886
108
649
423
-554
613
-645
613
731
723
-313
546
238
208
734
44
783
374
571
-279
855
534
666
968
-724
571
-288
-607
-956
-823
90
-632
134
-783
-74
597
-700
353
107
743
104
636
800
-574
-668
506
793
298
871
446
-748
245
-940
393
608
633
967
-574
909
-285
-943
576
208
-173
-396
-129
-924
-883
-574
361
141
-391
-319
-484
174
-735
86
179
950
-472
-768
143
508
8
248
550
160
-188
877
-421
-122
746
-270
120
664
476
131
-478
77
-247
-2
-291
-6
222
135
-160
964
886
900
928
52
759
-405
195
-216
901
263
-648
-562
567
-672
205
558
-636
-239
192
151
675
217
60
111
738
-98
375
151
285
-712
-57
628
-814
-280
-127
-861
-85
-89
434
-389
-40
708
108
696
782
-930
721
228
236
869
-407
727
340
869
411
210
-891
-173
-824
119
-414
518
475
457
645
-73
-234
-961
-513
-415
-202
-607
729
455
533
-994
342
-488
-876
-428
869
-805
667
-727
880
535
-777
74
134
-638
236
-454
640
-235
-27
-481
-250
-698
195
663
-652
166
-752
-413
-872
430
119
-340
649
-349
-90
649
305
222
-564
666
-956
-810
523
-819
-192
910
5
609
589
-667
-46
-376
-650
60
-851
-913
64
-222
660
-224
370
-520
55
981
409
590
-708
480
-168
-730
-790
147
-881
338
-537
888
499
-319
-719
-849
897
-641
988
-371
424
-455
-345
197
667
-466
227
236
-536
476
-935
-429
36
271
-403
-515
-341
-286
539
-765
-30
718
636
-955
-597
-18
578
161
611
921
842
152
-113
-473
526
448
-145
-694
-889
330
-498
825
-162
369
63
333
580
-260
-376
91
917
17
-245
-415
974
834
-550
881
-790
157
597
108
-536
771
-628
-908
356
950
348
-512
-621
-975
-603
770
-353
567
541
514
789
-37
-895
507
-346
204
241
-658
-448
-381
-342
-420
-981
982
947
548
-340
-549
655
-661
320
-248
708
253
343
142
827
102
-746
-775
451
246
124
895
0
-954
-971
-340
-14
357
-104
-402
-290
-679
605
218
381
-241
-274
-985
63
-651
-825
-53
-635
876
327
202
177
-101
-609
634
108
-571
633
-510
-678
-822
-66
57
-243
997
542
-563
446
152
-344
-796
659
-742
516
661
-308
-715
-613
146
-932
-874
-602
-837
-104
-447
-641
585
568
37
725
96
-207
375
-443
513
702
-557
-322
-290
6
-680
-517
894
985
-72
-808
-150
-842
-519
165
-285
193
-182
364
947
900
122
-383
775
-33
-612
574
309
-562
-657
851
296
662
-404
376
-680
716
365
-488
-850
411
-623
-857
920
-517
463
-104
-116
217
82
-378
-552
-113
-320
-623
-958
257
-588
526
-156
-824
399
390
-330
298
-210
404
-404
275
468
-69
-65
-247
62
750
-239
-991
-586
-608
-70
409
107
386
-701
-949
351
799
-409
956
-485
507
-897
582
-925
915
785
-98
-849
291
-616
745
323
-928
911
-464
239
-351
-86
-136
473
-808
-278
189
953
-513
378
676
-547
-410
823
-210
-960
-424
-954
-341
-60
440
979
265
312
505
857
956
239
995
635
-102
94
716
54
445
163
-201
475
-396
-380
-673
-409
-37
-170
-421
225
870
712
580
816
-930
-31
544
287
-125
-605
-508
964
-911
-407
869
267
-676
-563
-493
-256
-433
-53
55
901
-696
-118
977
367
-649
316
665
-877
-967
-389
71
-947
-908
381
-783
45
-537
-662
159
972
-196
-805
-224
-525
-583
-482
329
-233
-50
-804
-812
215
-989
-779
-136
-478
-415
824
-255
-182
-115
-495
-198
692
965
868
89
-458
-291
-246
125
24
-381
108
212
725
507
-497
281
858
-84
249
-497
-396
811
757
871
-528
925
-179
-989
591
-918
-291
-872
-180
-336
-376
181
506
-524
-859
282
277
429
-591
875
680
-824
966
-215
-245
-565
299
124
650
-746
137
317
-770
-868
-423
-753
509
-378
-710
-19
-235
201
818
969
850
117
-647
-123
806
-104
35
-548
614
-13
-868
-219
-653
177
848
-100
320
-828
602
-427
828
-432
56
-930
-203
300
-255
-988
279
-97
-46
962
739
108
-305
-168
511
-374
636
-263
62
-56
-710
4
-393
659
-680
636
-786
-951
-337
386
606
718
-943
-805
706
-698
911
-957
238
-318
-753
671
913
97
986
362
-26
818
909
160
-782
-850
431
315
-735
213
-374
-149
376
-269
-937
6
191
-137
-226
974
-725
-200
48
337
-451
326
-382
-19
-513
-648
204
491
-620
-35
-595
890
657
608
-308
-334
813
-911
215
668
272
609
314
-144
-765
-823
223
746
-544
-459
-330
-181
-575
-155
-33
-747
988
-700
743
-581
108
-47
567
24
-600
-271
866
-85
532
-101
93
245
-414
875
600
99
502
-39
337
553
-937
553
616
-589
490
-817
-366
-816
-996
972
561
307
757
-706
-736
456
468
-909
-780
-844
475
-813
-414
355
-406
451
-55
-22
484
578
-964
353
-65
-397
873
-115
-205
-711
-509
819
315
369
-698
400
187
100
-959
-810
958
-131
782
-545
805
165
7
307
426
-613
-977
325
601
-176
398
39
390
143
-78
-171
769
26
-966
-383
-749
-385
183
-50
284
962
942
-849
521
-487
-571
-182
-179
-768
-26
649
-129
930
-600
81
459
913
-735
-845
-579
-593
-125
-436
-170
149
-521
576
-29
-517
-935
317
-103
-73
-149
878
-265
879
713
-219
646
-136
859
-573
-554
674
-8
436
-287
-622
784
-749
-407
-602
-731
262
247
-71
143
316
728
-664
-678
533
-772
668
709
-152
-862
966
-554
997
-561
-89
-37
-322
-29
223
-37
11
-842
294
-967
-883
-668
481
-346
-78
594
-791
896
-774
-160
536
-838
-712
-403
847
-317
282
-453
-567
-121
-137
483
-160
133
596
81
472
184
312
-317
-486
233
938
79
411
52
-799
-465
728
-843
780
288
61
-457
-952
997
-974
-148
-640
556
72
30
946
89
-1
675
-960
338
232
510
-132
245
-724
-956
571
186
-840
-475
-229
-683
-121
953
235
-632
788
94
845
347
-91
-756
767
-973
-843
-394
829
74
790
-49
247
439
-643
-549
-963
407
914
-848
809
-270
-899
-690
472
546
-438
5
508
-176
-299
733
-880
946
316
-984
-778
691
627
725
689
-63
639
406
968
936
-579
212
395
-737
-743
862
456
-256
-800
-126
-333
-730
783
499
-850
-268
-610
-690
-853
-897
-258
872
771
-797
-954
-846
336
-512
-995
568
-716
203
-51
697
530
-229
88
-97
-502
613
246
473
727
-198
301
-556
797
-535
-578
-519
-271
-813
-416
558
-228
374
553
792
-892
618
-50
-935
-570
-345
615
-389
-380
845
424
709
-526
-270
-837
-590
87
106
-584
830
577
783
311
917
757
728
-589
-188
425
-417
747
720
-199
222
150
390
507
96
-779
-774
282
415
226
811
-103
-512
-477
407
765
-710
78
411
516
-905
-570
631
-459
-999
-282
822
839
733
870
811
225
-720
194
207
804
-735
-409
-339
-297
-553
379
-386
-212
894
-778
835
-443
270
490
732
-443
-789
176
-366
454
219
-110
339
552
848
-666
-183
467
-963
-46
-954
-446
-984
-135
-481
-620
554
582
186
-639
141
468
-672
-539
956
-193
-476
98
222
-419
687
157
115
208
345
657
-916
-697
790
-363
-170
-938
405
-529
-921
758
-411
-986
305
755
645
388
-61
-798
506
-611
759
-631
-480
538
795
-462
931
724
-460
634
76
667
-622
753
332
-692
827
-881
-440
-672
880
-653
65
74
-192
446
782
80
-445
944
-626
762
-391
-728
-645
-544
814
-746
106
-459
-978
776
-309
-917
-91
-252
-161
-986
-600
64
-954
418
364
180
5
-916
3
-235
-105
-369
-978
-420
-925
-51
-196
-295
839
-25
203
-400
806
224
249
-759
263
977
793
652
187
931
237
-266
-764
-643
-943
87
330
302
836
144
-522
-338
-140
-477
806
-897
-54
430
-803
-424
409
-643
109
839
-614
851
510
-50
-448
852
-785
779
476
-262
-514
-963
168
-918
-575
187
5
40
-245
-913
-119
516
89
-483
-288
-932
61
129
-311
195
489
-494
-88
869
879
383
935
-602
-699
748
-951
225
583
137
-475
418
-628
95
947
-40
-696
266
711
-489
-921
165
-568
-704
822
-874
-126
-677
-719
-150
258
587
-361
674
197
910
949
433
-97
-135
989
474
-87
-938
625
-529
128
923
413
-222
231
308
-674
877
-821
156
-889
146
314
25
779
951
-192
-137
17
477
145
443
741
209
60
189
295
244
-926
-847
865
-373
-948
531
-956
663
-415
-249
860
539
137
617
-565
-596
-484
888
-760
-625
-350
-422
-884
-606
568
-940
367
641
596
198
518
-78
516
-931
712
301
648
178
-817
-938
-331
-363
32
-462
-669
737
-556
439
301
-42
775
894
482
518
-883
544
37
-612
-117
887
987
-3
34
377
-891
803
-499
-184
-217
53
320
266
-279
-877
690
-751
548
897
883
-863
394
-790
859
877
541
82
721
849
812
554
180
104
937
875
482
718
499
-309
-442
493
-298
632
532
146
705
-602
190
719
-785
-611
782
-437
257
-372
881
500
-586
-756
-800
561
-747
146
-555
858
-488
-923
675
-262
-110
934
-538
708
-92
77
168
758
100
340
-651
285
-175
935
617
513
-164
-371
-444
-900
-689
-577
124
-604
-200
-464
955
526
918
502
501
-157
-722
-210
477
-723
-269
-648
-496
374
-912
-289
855
386
206
-873
779
637
64
-115
-799
-829
-841
380
-203
197
-933
681
-712
705
654
-615
833
946
-468
116
-543
-254
-868
-108
-246
-762
446
453
-162
-379
-969
781
597
951
-497
-90
-745
-65
859
206
-961
-260
-24
-478
685
-617
171
326
-433
-972
520
-494
-527
242
210
128
-512
592
-779
41
409
-453
54
778
245
603
-496
-343
-536
816
292
-706
641
-815
770
-448
-169
-515
-906
-157
860
-789
997
446
-626
-261
-798
-692
664
844
-656
881
-819
29
468
-146
644
151
-493
-884
792
-126
-327
-551
714
400
596
-504
-793
-90
158
-505
-376
561
-872
746
356
-926
-228
-507
-247
-213
-405
-821
910
-169
532
743
-370
968
-225
-102
-400
281
-693
835
-781
-469
958
282
436
879
0
38
849
473
874
244
452
298
93
406
895
-514
839
138
394
-984
793
404
564
-653
645
-161
-421
215
-573
-482
480
-801
-250
-549
-125
666
178
-109
667
-136
-401
273
-779
-287
-889
-758
232
-91
160
-942
93
-35
-926
348
-832
-431
820
-413
-999
920
504
-654
-398
-905
-712
612
948
-893
25
-158
633
994
-420
56
-236
64
-922
-867
779
222
873
585
836
747
645
588
-157
564
-843
-802
265
846
-287
-155
970
430
-338
719
-956
-67
360
-119
882
-729
-378
-108
663
-462
-216
-388
-862
-525
684
64
372
-807
-606
-332
-799
757
741
270
-244
-312
893
-839
-388
563
774
469
-70
-160
-402
-828
782
668
-104
650
746
387
-413
726
-518
-362
-409
-432
-271
-577
312
394
-209
561
374
163
762
910
-368
-12
508
-447
-234
-216
988
-23
-667
-426
838
-189
-719
-6
926
220
689
444
398
-252
885
199
835
496
24
596
927
782
348
639
349
-912
739
847
756
574
401
480
-90
786
885
-770
-606
126
539
-18
301
-226
651
-671
-678
-270
-868
740
1
489
663
178
-497
886
-917
-73
-150
679
-922
781
-33
204
-333
345
-347
-268
896
-833
590
180
-984
-445
-538
-959
249
505
-962
-456
946
-703
-248
-370
716
-201
-363
406
-893
463
-827
60
626
926
623
-762
372
-872
-224
382
563
-117
155
-318
-482
-376
774
-669
-679
-425
-190
-223
441
-415
505
251
148
957
-786
-349
549
836
-469
-806
262
-475
99
-248
50
-505
589
-541
-675
54
-431
-186
379
-629
523
708
292
689
544
760
-317
285
54
-948
301
-371
741
599
527
-656
495
971
-847
-108
-226
-643
989
-472
616
-64
-855
-415
-218
-511
-840
163
585
-935
498
748
-351
-442
-88
-214
439
-387
-804
-410
-831
327
742
-227
562
323
910
-396
873
-315
819
197
-695
585
466
-714
-895
-508
-758
-483
-952
-125
-674
-649
-995
-233
-721
0
372
-8
-479
-489
187
396
-293
-105
-471
-743
-402
-211
914
426
-72
-702
-335
-454
516
-618
323
289
-661
43
-711
372
68
-438
819
-91
-543
742
636
-175
-248
-876
-377
766
-363
-498
-73
-641
-597
129
137
-336
-97
18
-73
-148
565
349
-755
264
617
-657
953
-499
708
-573
-33
381
149
251
-998
-580
36
101
314
-901
-132
-674
175
-353
2
839
-151
-12
962
587
-378
-676
-631
94
738
553
140
902
678
-458
-306
-325
-618
-275
307
-453
106
-649
682
357
158
177
-676
-371
-448
553
261
547
-288
432
361
667
-559
984
-99
407
23
388
99
524
703
-746
165
187
-238
-158
-864
793
405
950
-839
913
225
285
-879
-198
329
-657
-62
-383
-515
-993
521
-746
-669
362
621
-620
469
523
619
849
564
-801
-86
-278
137
-40
654
-648
-35
597
-889
515
-894
640
-338
44
-933
230
-46
809
-336
918
-107
-939
413
851
-29
246
-950
-634
-993
183
429
416
274
752
55
957
400
-727
743
-658
839
793
-512
786
-266
485
955
-392
709
-21
699
657
-130
400
-56
648
238
-386
-261
734
-584
220
-999
139
243
202
-128
379
626
480
786
-562
-236
671
300
-802
403
188
578
-224
309
-359
-905
-300
-852
727
325
-513
151
135
26
572
-733
-452
415
-686
723
-67
795
615
-560
-503
-838
-501
-69
-770
258
710
919
-319
378
-175
-774
-713
-510
-981
693
-368
318
174
567
991
601
-41
-667
-572
165
340
-567
-38
707
222
39
946
-898
842
-675
812
-75
-878
322
-948
234
-466
610
-929
-235
-279
-135
26
410
-736
90
256
982
588
399
-878
-991
-363
657
465
-631
-409
-418
-919
193
528
-646
-32
-32
-429
-361
-457
226
-501
800
211
-869
-635
632
-67
-158
86
28
-448
-713
615
644
685
795
400
-808
-762
-356
-445
476
896
-88
-490
-737
581
911
-648
-938
943
-553
268
719
535
178
746
-514
-926
-209
-295
-307
-701
787
889
715
-727
-543
886
-679
-815
600
-62
320
-124
-989
46
-769
932
-896
385
9
-628
-428
-748
35
-48
-811
982
-892
-513
205
-33
371
-178
559
-945
438
564
174
-449
-674
387
919
-865
293
27
250
313
539
286
486
-463
492
-263
990
-320
615
-480
203
-786
567
618
691
-967
94
-471
-648
-495
52
-991
-506
-321
851
-523
606
-736
881
613
-82
613
-722
981
-398
-85
175
-536
212
-171
435
-546
485
79
-936
-320
18
-172
-682
-14
844
835
119
-439
141
742
-828
-961
606
242
616
883
454
-876
-780
894
471
238
621
475
802
695
484
-355
390
-673
-895
391
253
-534
579
483
14
248
427
-386
369
-366
-691
-533
414
-38
986
-232
4
46
869
-852
577
-104
70
859
-112
906
667
-813
156
-672
-749
702
-80
-162
-378
-203
-9
410
899
761
-82
667
-896
572
-990
-278
340
859
-945
-494
-742
-34
523
-459
355
618
46
842
-719
34
-436
878
117
632
-715
-785
720
-560
570
802
500
-350
671
348
-178
-321
-656
-16
792
-173
968
415
-659
380
-961
-85
797
-247
962
-970
-104
-742
202
-201
836
-470
-802
168
-209
400
-235
111
-139
-205
939
-742
-458
338
-10
-617
131
198
149
241
-290
-996
-290
174
121
-205
581
593
923
-679
-651
62
-873
826
-327
511
310
439
-244
634
-579
46
4
-225
746
-903
-826
-159
726
-979
-858
44
624
-560
566
-737
356
326
-896
257
-825
-12
-114
800
-224
-35
521
860
-259
671
445
-694
342
-671
205
-614
-52
-419
967
845
428
990
-665
944
873
-730
-408
-5
743
-222
70
-158
-906
738
960
78
825
-560
766
510
-972
-768
200
35
-616
-360
-10
-582
-289
-828
285
402
-484
540
240
513
-379
549
901
839
642
693
-352
-545
-621
90
500
-292
-458
406
501
413
946
-494
-296
236
-159
282
922
-59
178
-8
-529
-493
-437
-176
-270
-184
521
-850
504
-136
438
129
976
129
-686
944
-900
-973
-654
517
132
583
-166
-106
-844
114
-210
902
-385
-638
158
-184
-254
120
-35
95
354
657
621
664
959
-235
446
-920
-70
488
-988
-227
-81
195
605
190
-934
-506
17
-760
-189
-130
-387
-385
688
984
-290
-333
725
-32
-137
545
918
-300
-849
-627
193
321
819
860
-563
-475
-489
-318
626
984
-63
-477
957
539
-183
-921
-818
-797
603
-5
875
239
-162
-593
-822
130
618
-233
-116
565
-131
385
226
836
454
554
-90
-622
-132
461
-691
-719
-252
-594
-936
-324
-557
768
262
85
966
550
-649
426
801
-662
-950
-875
277
-733
739
383
53
998
79
881
-896
-823
-899
547
749
166
905
543
772
323
-194
189
-147
-596
-7
828
686
726
279
-861
570
214
942
692
741
-890
-121
-581
-772
-351
-677
-623
247
113
755
-362
-965
617
280
766
-507
423
-552
557
981
230
393
-130
984
-570
-505
552
82
-296
965
-379
-374
227
-42
-280
-915
556
756
704
73
898
-851
-76
-108
79
-117
272
527
33
-229
350
-15
-423
-531
769
-993
-847
-447
611
-105
-742
-429
-510
183
-351
640
-306
-491
-363
-773
642
304
-90
710
-3
109
-305
912
-929
998
80
-754
398
-37
-268
199
608
672
-463
-507
-657
464
-574
-892
843
720
361
310
-593
797
559
-808
245
149
441
91
-171
416
-937
-259
-988
89
-685
869
-843
-577
603
-754
998
-704
870
-281
225
952
-409
-964
727
-994
-251
619
-593
319
383
470
-8
-996
952
900
721
893
-921
-764
496
875
-568
439
-547
808
-417
36
-184
408
-471
-458
169
233
-868
219
507
-374
-318
-205
-678
644
-925
-806
528
321
-278
-90
-322
732
904
941
698
244
456
-352
-495
456
253
276
712
-644
-25
-734
-70
752
-981
93
931
-495
-570
-684
-551
-366
536
207
-902
-593
138
573
-571
-354
-648
-129
-446
-805
488
-432
207
-707
621
999
-836
717
-57
713
-643
635
-591
-798
556
167
-130
562
-647
988
-233
312
-142
180
-713
122
-400
321
-430
387
-603
-795
-621
340
138
109
397
936
923
-285
262
-813
-141
604
762
223
-153
277
-641
135
-544
-830
105
917
-574
-257
62
-279
-486
-237
454
412
450
-980
38
-484
-89
-483
236
924
861
266
-911
-177
-765
-874
187
-845
-115
700
-677
398
-367
939
722
-877
246
-711
521
-262
654
-658
-253
436
-94
-567
553
-923
-608
-825
972
-815
-463
744
-257
-574
66
-65
-592
-629
863
-201
144
951
192
989
-537
19
339
48
113
869
-283
995
95
136
-872
-109
-18
-274
-404
-216
29
384
874
-871
944
309
352
110
-141
-940
-252
344
689
903
457
193
-294
41
565
-298
951
388
-715
425
394
540
-758
-407
-726
619
-747
-726
-826
231
979
-781
409
126
-99
-152
846
448
-976
398
-106
784
367
205
437
-424
581
-921
-649
-498
656
-790
-111
-934
769
-422
823
-407
874
320
-180
693
807
491
292
-118
-350
462
971
29
-978
242
743
-445
296
-28
512
-334
-391
-717
-726
179
-590
511
-164
-767
372
180
710
369
399
767
717
742
-938
-807
-840
-630
126
337
436
-681
850
-272
905
968
198
-922
-574
531
752
-727
8
618
179
-490
-830
-556
-889
-673
450
414
719
-542
276
-902
909
-232
-314
-167
-833
10
231
-421
245
307
264
-569
13
306
-598
273
583
-142
-41
-115
671
-16
-157
-797
905
772
174
544
-417
736
-316
-146
622
-872
396
-299
664
552
-811
196
283
495
266
-509
-70
-668
877
227
370
210
-495
-988
-307
673
-365
-866
673
-131
491
754
-670
-961
319
-805
747
344
-594
-569
8
-787
512
-788
951
-221
530
-997
-495
470
437
368
-570
141
568
480
-726
-245
-255
927
520
-92
-889
-942
656
-255
-203
477
-131
-677
-648
397
858
187
953
722
516
-11
-263
94
-619
53
-436
-890
-21
-12
-395
-666
-374
624
-615
-840
255
-590
-141
812
-960
990
721
931
204
-224
937
989
211
-787
443
169
931
-439
662
625
-382
547
-576
-114
346
678
-451
358
905
-713
-626
-66
572
-65
-719
-785
978
778
-872
-13
-384
-564
-888
240
482
-88
384
854
-235
-33
320
82
740
-773
-503
388
358
671
961
12
594
-336
266
-571
-460
-362
190
-900
-326
-376
304
552
483
413
-375
643
-906
962
-685
964
966
184
633
-530
-70
-149
-220
998
472
113
305
-634
737
141
-721
-738
-606
-641
-631
725
-247
592
-724
268
115
-525
-133
195
943
561
160
52
565
-47
207
-513
580
-602
489
75
103
-618
423
-687
61
510
789
-266
-806
-281
-28
-257
-12
195
-302
677
-102
-601
-160
301
-689
-221
939
-941
779
-451
-264
963
-711
-468
238
-497
79
201
223
997
130
460
283
-82
364
788
-689
-837
334
-817
-76
-996
877
-194
124
-683
-276
-369
873
-637
-74
-806
-46
102
-543
402
-969
798
43
181
-985
-656
-749
-555
442
244
-505
701
-644
-49
766
-861
-361
54
897
618
-770
-283
285
431
-941
-229
-35
6
-224
-352
-208
281
-160
-74
862
-92
769
935
374
-808
336
-850
-776
495
56
627
115
407
153
192
-40
852
325
-174
146
-735
-652
798
775
337
304
240
287
114
-677
890
-33
-584
-821
-185
-512
589
-269
-941
-458
-495
-625
366
-841
119
536
172
21
-444
-906
-461
-549
419
461
-323
-340
384
31
-303
-223
-946
175
-184
87
-333
-981
-742
-137
531
192
409
-967
-772
-994
-24
-469
-148
91
-86
791
-424
-925
-192
848
337
162
586
-120
935
799
996
724
765
-508
176
997
-945
-83
839
84
-437
101
-905
263
-58
156
-230
994
-45
-296
258
946
203
494
259
466
-966
307
81
-246
-891
53
-597
-170
407
134
-271
584
-865
370
509
468
-184
449
-741
253
649
-862
387
-283
-659
-938
-152
135
484
-834
311
-306
-313
604
917
-5
167
698
-115
21
463
521
-968
-925
-279
894
-489
79
632
552
799
205
307
-23
585
-488
51
-518
279
461
-165
-681
-653
-151
-816
-324
-727
-243
-604
504
194
220
-188
-551
-766
-753
-25
-924
131
795
528
992
440
144
175
120
-499
447
-393
654
101
-893
248
-688
158
76
-258
713
572
769
-871
-514
20
-602
401
932
-69
873
-496
-352
-305
-988
-415
-26
-402
-265
677
-608
303
91
-880
-492
940
-670
743
-839
169
-849
-668
-392
-848
766
-371
449
229
-299
-397
599
92
560
-547
100
-306
-928
535
-991
716
339
424
-324
571
854
634
-108
-883
-705
578
-846
-411
341
227
765
-194
192
-152
-112
809
144
852
122
-770
969
-401
-527
-759
187
-736
-711
-605
-117
124
-892
-185
-75
610
-918
-687
-996
499
-563
-888
933
178
427
-396
192
-809
800
13
84
-727
-113
-661
539
557
831
-531
-53
-381
903
-393
-734
485
131
-241
406
501
82
-688
-28
-983
-390
800
-918
-729
568
-293
498
390
703
-259
579
-175
631
-853
403
694
-463
627
-929
-251
-582
413
123
-125
-457
-956
-217
649
-910
704
-181
-139
-675
-441
-909
-962
381
-686
840
-306
-318
-37
13
450
589
-872
790
580
-525
-106
-740
454
-470
-910
-414
472
-296
574
6
-946
269
-945
-136
-618
126
-108
249
-736
467
242
-351
233
-848
-820
-95
-811
159
-587
-435
-973
-180
983
345
-327
399
-948
-343
677
-482
270
800
-742
-990
-915
-282
-515
215
-9
-411
594
243
399
972
-22
613
-966
273
-426
-183
115
-982
535
60
-135
937
347
-720
318
-658
517
671
60
564
-752
272
-322
121
-280
583
167
-409
-674
-344
277
-859
600
-455
623
133
282
571
731
393
729
-669
206
450
35
-709
-444
-525
299
743
-705
610
-963
-92
982
675
-622
-450
-328
-203
606
-37
-579
792
884
144
641
-810
-93
714
770
-351
-736
-791
519
971
-863
-970
-285
936
-772
-209
-617
996
-537
-606
726
-891
415
-16
-864
103
428
-617
-501
-574
-681
-784
473
-390
-197
889
535
671
350
-895
-976
137
-158
-845
249
112
-29
-617
768
939
-722
561
307
51
-604
872
-683
-179
487
-824
635
445
-594
-218
-84
322
-475
-662
-204
701
-893
544
-966
549
-12
820
91
-911
413
960
591
-219
752
696
-305
173
113
401
135
665
-343
-240
-878
486
934
-439
-854
-819
245
-298
-735
-731
118
-798
-273
177
185
-927
827
237
425
-80
892
-585
760
153
-33
422
749
192
914
-363
684
701
339
22
-622
991
-489
266
-179
-166
775
-401
113
-622
-981
-761
-13
156
632
-440
632
74
752
-159
679
880
445
511
110
-439
969
-57
220
702
-240
-32
92
-377
924
-626
199
145
-560
-103
212
-291
380
224
313
859
-754
-728
568
-703
437
848
152
-38
40
113
-491
-350
408
910
-602
801
-828
552
207
467
-229
-848
393
29
-829
-390
-897
-797
-874
-74
-292
153
-417
570
-645
798
299
745
436
-406
-770
265
788
553
-407
-875
-319
30
279
87
155
-901
519
272
-915
937
-725
-382
-706
-258
-883
-811
448
332
724
104
57
-661
689
-536
-307
792
-947
-771
-408
505
109
-102
607
-294
-604
-11
-362
499
-854
-34
-891
-713
703
173
140
320
-755
334
-482
270
569
-541
686
479
-858
-910
-970
433
-146
614
172
-893
-541
342
-356
785
-556
-973
395
663
153
474
331
-341
-436
-234
569
-562
668
348
202
826
-540
-576
-12
723
-863
-961
964
406
-114
-358
-225
-43
-509
354
-18
-384
533
-312
-869
-789
-91
-542
-28
342
-721
823
136
910
538
-770
-427
252
-827
-787
12
561
-478
594
-66
31
675
554
-936
-328
515
311
508
67
-491
452
354
-665
-15
-204
469
-188
388
-389
667
35
923
130
896
-602
124
48
-74
259
97
937
198
-281
-639
152
-811
572
-653
-208
116
-313
845
315
-279
887
-842
-847
-741
-702
199
980
-572
-764
-935
-988
176
-131
542
932
-899
589
640
-740
-337
183
702
899
-397
455
525
266
-408
-509
374
727
-843
-256
971
687
-435
468
764
-647
759
485
139
-328
-561
-710
510
118
406
-237
-460
-787
416
229
360
-751
184
923
-139
-339
-138
358
133
-820
-916
192
-187
-176
-553
-237
-440
-851
531
-552
464
976
-988
226
682
-794
643
-205
248
297
233
-780
-808
278
-518
592
819
320
-148
283
-354
-445
947
135
565
-406
416
-332
-240
-873
501
692
-107
995
934
-988
-846
-72
688
-223
944
336
-357
-473
-854
69
503
153
114
-549
280
-833
356
571
873
952
-382
514
-568
-56
737
212
-492
-414
442
100
329
139
827
-383
561
150
-635
219
-34
-627
816
140
-909
782
697
217
277
94
447
-696
19
347
18
-95
683
94
-976
-1
-446
-412
921
61
-460
56
395
893
124
383
469
916
95
648
-437
338
-76
-541
-279
772
-695
89
836
252
-13
-263
862
-599
-472
926
373
-405
-329
-969
988
108
874
761
-172
901
-991
264
559
-463
856
438
-785
-749
823
790
509
329
-803
187
534
-12
-683
-290
-224
-746
-590
228
-625
32
-40
-371
977
339
291
323
535
-253
436
-482
884
363
-35
-798
-164
106
-354
589
-885
-71
495
510
-262
492
-971
-70
236
924
538
278
-618
339
-312
306
24
-126
505
268
-526
743
-293
-484
-205
994
-646
-839
17
-190
161
-106
658
660
-191
340
-358
-365
-834
706
759
604
573
367
-328
35
625
273
970
521
291
983
756
519
-867
880
962
17
916
-382
831
-241
-935
24
738
639
-749
520
683
861
-153
166
-290
738
-617
202
734
492
-106
989
272
662
-312
-123
313
495
843
848
186
779
184
-368
-49
362
468
-944
-600
-842
366
-867
527
-174
-637
-689
871
171
-154
310
-716
145
440
-792
901
178
-27
17
665
749
-183
-540
-404
724
810
-266
-971
-926
-562
795
192
798
-485
-575
-516
871
-732
-194
990
-43
-146
450
970
-907
-772
-54
-258
600
594
-74
570
937
-41
-491
542
792
83
-473
-662
982
-934
-240
-840
139
-707
621
515
-296
-527
-681
-489
201
934
-13
-908
-566
618
578
-70
762
-777
-191
981
694
-667
22
-836
-834
-122
-729
858
-662
124
78
154
2
-690
172
-539
-977
-656
643
474
-598
145
434
567
-197
-766
-13
-307
209
-856
-156
-950
42
-308
648
737
10
790
514
872
-586
397
655
937
-442
56
-989
658
-33
210
471
-216
706
-600
594
513
-567
-188
-253
80
-604
527
58
-538
796
-124
484
814
-203
591
-461
-503
269
-655
268
85
-832
-305
839
-898
577
-640
-855
-60
916
216
-229
-752
-541
940
-850
549
134
-814
-690
-719
-972
84
-651
-664
-417
584
761
-938
-526
-338
-573
500
274
710
-894
-156
-128
664
197
-332
950
-920
-334
-630
-487
-74
414
-833
-915
970
956
285
-191
880
682
-818
191
286
-565
-659
-881
-334
988
994
2
-233
144
100
10
-172
-15
242
-264
-545
-571
-743
685
-541
-24
-913
-401
-389
281
757
85
828
931
644
0
578
395
354
-971
-884
-102
-192
789
425
796
-76
767
135
-348
-794
-454
746
673
-845
731
97
631
-537
787
508
12
-285
-706
-780
-974
256
663
-612
551
-817
952
-487
81
-444
-353
-334
689
17
559
-508
-162
691
-664
-900
854
-748
944
-212
466
-131
-417
713
-825
-559
930
-23
-19
421
-751
717
-510
858
908
808
-73
726
767
413
692
-347
578
141
-759
-238
992
-14
-213
235
772
972
-447
700
-190
249
135
-714
-863
192
-313
-462
990
-306
343
207
-254
-584
-616
550
858
-425
-114
-887
448
-678
181
-253
895
633
138
-963
-198
-991
-582
-737
-967
123
498
-235
-248
-171
-544
168
669
780
110
423
-143
529
-42
-867
-621
347
111
-763
-632
470
-615
972
596
742
716
-367
149
310
379
129
975
11
-23
-864
-872
-2
252
-698
-46
437
-276
799
874
-242
-885
977
619
281
93
-310
-843
-478
-805
-954
-489
677
140
-572
897
-312
-250
-65
-217
-166
-768
507
972
793
232
486
-755
-378
110
265
296
-111
-287
-432
394
357
-124
982
-443
181
450
-986
549
30
108
-296
470
-618
919
938
-874
-320
-159
139
-640
-618
-942
151
-211
-410
-95
-300
-217
222
404
944
-869
638
337
252
854
479
-617
993
-733
-551
240
753
57
-4
824
-254
-713
596
-385
713
230
-432
-909
-400
-17
-956
-335
836
807
263
811
290
-757
-30
334
526
-965
602
144
943
-391
-62
-473
565
411
298
-530
538
496
-409
813
60
763
-969
135
936
-370
-959
958
160
-7
-431
-911
220
-967
185
-594
42
533
-18
48
-750
-669
-355
478
-667
260
-292
-130
-241
-381
-376
387
804
-338
652
501
-364
467
790
-525
-829
933
-340
-339
362
12
-411
881
-782
-596
-335
-928
-184
-917
105
58
-210
-712
-647
-652
644
333
219
41
261
-532
501
-179
-96
912
154
-433
566
284
923
369
-127
-408
-573
-648
-374
874
-208
378
-777
-95
772
558
-469
-659
-797
467
767
-526
676
-98
348
-809
-36
31
258
122
-992
-326
176
747
-342
-321
-619
90
5
443
-1
177
248
-383
727
-177
-509
271
752
-184
858
-695
-273
754
-401
684
490
927
185
21
597
-732
-396
497
-444
-405
-894
-966
538
812
-410
317
306
-813
-927
735
807
-562
-69
842
301
971
533
609
-375
833
-874
-127
-525
345
190
-619
-387
4
506
-298
-48
141
916
-931
-86
-554
-772
-231
-299
990
-483
-434
-267
475
708
679
-204
-704
20
45
743
10
310
-370
-609
624
511
-208
-335
230
-421
542
-460
-46
690
-110
877
930
-261
458
261
228
-827
-97
-747
-377
96
355
-296
481
-914
804
-410
368
558
-371
128
-841
-737
-488
-486
-139
-106
913
-856
824
-352
65
839
594
-134
-994
653
760
450
-360
-175
-369
217
-14
68
-216
117
62
-675
-232
-13
513
595
-990
488
-885
-132
-308
-297
-370
19
199
798
435
122
645
649
-961
24
-942
-329
289
682
-601
-284
-781
-574
44
-744
773
-15
576
-521
11
567
-387
-323
-955
715
560
-404
553
249
-322
-588
343
-5
33
967
-17
909
-655
832
-784
-499
-675
-636
-165
334
-731
-29
-77
989
-429
-283
-314
-540
83
646
794
736
377
-424
191
-266
-174
-855
-799
-800
967
58
756
-746
-717
626
-985
873
53
650
-467
245
-79
228
709
-140
-281
765
515
-864
263
613
439
-660
303
842
-510
117
-977
-207
110
-763
321
607
121
774
-284
-581
-680
964
-461
645
185
-483
329
530
398
-909
-491
-602
758
647
-655
37
279
-823
351
-537
-631
-83
-598
639
-284
-992
38
925
806
-943
260
679
709
-759
-302
791
422
-410
574
-961
281
-534
689
-502
-639
-658
940
295
456
-336
-410
694
-988
-587
952
-436
434
-344
539
-848
664
-820
700
-919
-371
971
-52
11
288
-483
-157
-292
304
-960
-188
159
-618
238
-151
233
-279
994
648
703
724
94
-415
-77
-192
-331
128
-650
-112
-495
-218
-222
-832
-954
675
891
313
158
84
939
-631
747
384
-150
422
200
-85
75
621
-182
925
-70
103
27
-224
148
107
32
399
-942
-538
-484
396
340
528
-600
-25
582
847
794
-427
880
48
-971
169
851
453
-744
-706
326
-334
779
-193
-322
-915
-662
888
-241
54
998
-639
587
709
-643
-183
758
575
-251
-254
712
470
-565
732
550
373
133
332
-335
-192
356
555
680
-648
-66
-902
-912
-882
43
590
-863
642
160
241
598
174
67
310
-607
-170
-604
-215
288
398
362
422
756
859
68
-966
284
607
-716
150
-928
-582
632
413
127
63
-886
-596
346
619
-731
102
-51
-671
-997
-688
-562
5
617
874
-603
886
701
-208
578
598
-846
876
892
-561
-606
-399
-859
-349
-281
396
993
-262
483
-661
746
-279
116
36
984
-536
-732
-821
-755
666
-416
710
-143
-638
626
490
277
936
683
-986
-772
212
814
3
-172
760
937
-242
-183
-434
609
435
755
-865
-816
176
-312
105
-529
207
677
42
-199
-127
-493
211
621
768
-202
-868
-843
741
863
427
44
-860
379
-635
549
-468
921
-91
430
-869
606
980
-337
384
-726
-126
-511
-750
88
732
-144
-854
245
424
-511
-47
696
454
548
519
336
183
-816
-478
-713
203
-2
120
-890
708
409
-620
976
-990
92
-653
-602
157
574
-160
-919
450
-317
358
-898
759
371
239
0
219
882
-31
-499
-976
379
-374
30
-515
-17
-183
-137
-130
210
461
898
431
-313
-517
908
-982
-295
363
-182
433
-574
245
773
775
432
576
161
561
-698
734
706
225
612
-483
723
-844
-63
-988
980
976
-607
682
-662
417
950
-454
-108
-8
834
-906
-873
-845
-471
668
-913
-506
-987
-11
-940
160
-523
-231
258
680
-934
566
-621
97
259
-613
915
49
386
-502
724
-42
586
-295
71
678
-843
364
882
-184
-168
736
991
-872
296
628
-715
380
-467
-682
318
-826
-207
614
-898
-217
-283
296
519
739
-259
-471
612
792
333
-628
975
-874
373
-747
-895
-690
-337
-914
-217
-85
-493
-45
-390
677
127
205
-807
294
-645
-256
-982
590
276
834
360
-431
-762
876
831
946
-748
207
215
-324
-777
-903
305
-748
65
435
-245
55
495
822
299
5
-493
-289
-319
-262
720
-164
454
452
-751
-996
903
910
-165
-152
-770
-985
734
356
-307
-9
621
929
-113
-297
766
705
-74
-794
904
-867
-112
224
-858
196
-21
-864
-66
-457
963
-297
-496
925
414
-769
379
-282
610
999
-447
-375
797
567
583
-572
-837
-236
-81
-706
963
-827
-914
843
745
-505
-717
-367
562
-594
386
-114
125
-279
-482
546
-865
-813
-860
208
226
-90
-200
-948
166
-702
370
639
422
-827
788
406
329
-592
-221
572
-263
735
-681
-829
981
717
361
372
-435
623
772
-972
847
467
-519
-237
99
782
-377
547
735
588
-612
403
-137
-107
-707
-165
659
-851
924
443
-786
923
-378
-602
-609
670
-552
-140
168
-27
421
-909
468
-182
-622
442
-215
425
-329
-843
572
-278
-778
-7
490
289
608
-139
-411
-96
-437
-820
396
-612
363
107
978
471
309
-398
289
71
-387
65
-266
841
703
76
980
600
288
105
-401
-106
-78
-873
131
-171
-114
687
-926
-952
388
444
-45
-276
-20
-565
-728
124
679
610
359
-622
437
553
-110
-164
465
-971
119
-529
-269
-612
-503
98
368
105
-756
-541
-609
-778
331
586
533
841
459
-734
-472
413
512
27
307
-124
-439
-241
49
-300
-110
-117
-690
951
-584
-480
-980
-58
627
-376
-60
-899
-18
585
-146
-397
-444
-115
-657
732
-45
-553
-487
703
899
375
345
-584
997
590
325
451
520
-316
144
231
463
-169
723
955
-894
-562
-26
947
-428
-290
-351
-953
-683
-6
481
-432
797
-453
380
512
-287
572
361
331
-815
835
892
776
649
434
-482
831
-883
173
-305
45
-703
-188
-502
-844
-266
-854
328
-680
-973
487
-571
263
203
717
926
345
-806
630
240
-814
897
56
809
-79
762
-606
154
-976
918
331
942
-702
639
101
-1
491
485
-90
569
-50
-646
955
240
-956
-149
-594
-259
546
220
-581
94
-993
-371
651
-477
-599
-989
-840
314
505
497
154
-167
-337
-377
870
-211
-509
616
-833
857
-173
357
377
-459
-60
-829
-706
-784
-699
-842
881
-168
-747
-399
-742
-540
-420
-232
-415
-726
276
304
228
733
-810
591
187
-908
636
-677
346
175
207
980
699
-760
-345
649
456
-81
-39
-433
814
-745
277
-81
585
-793
878
-68
295
-667
-575
-691
622
523
-832
-855
-283
-859
140
77
-726
-611
766
524
253
-141
-212
-133
-431
812
-854
110
-905
-50
-518
-362
970
-93
962
658
531
-835
518
-582
295
-452
-371
-558
326
728
-223
-523
310
261
-321
29
-161
978
-96
829
812
624
894
256
-318
162
540
938
634
256
728
655
-670
256
463
-376
-500
-378
61
801
829
982
-426
929
-84
-142
609
-483
745
925
-876
217
776
-61
777
419
268
918
958
-164
661
-971
-697
104
-158
-191
-409
-860
191
-6
-604
-309
-58
801
-36
315
-83
-92
-40
-719
928
-824
276
-614
-908
465
-394
227
425
-814
334
-957
892
-706
268
-355
-748
-38
-408
109
-433
-793
181
335
440
-980
-496
-723
-807
-680
-102
-328
645
609
277
80
-600
885
-316
287
320
919
-588
-706
332
607
-121
-964
-907
245
-970
-393
800
-856
857
569
964
-837
803
-114
-616
111
769
-561
247
-213
518
-325
-463
-982
202
-94
753
778
-402
173
-553
-412
-623
604
-222
-209
468
89
-790
-879
983
39
-590
-119
922
281
-144
-132
904
-236
-906
-478
-707
616
-733
-938
200
938
-198
-316
624
-407
102
355
-236
967
-804
-188
543
-580
-226
-15
-609
23
-657
-907
-191
-751
705
938
667
646
-25
53
-23
-681
-672
358
-360
811
208
749
679
642
908
70
-923
672
697
-204
-515
-166
665
797
886
-950
-286
-525
-721
-694
-694
80
924
-464
-640
-309
526
615
981
-178
36
308
824
486
972
208
686
499
-550
173
-283
-949
-784
966
801
-44
-471
-312
-788
446
-812
-827
-999
-369
649
-650
831
238
559
792
-201
574
-292
540
979
36
294
-438
-347
-801
-301
-662
-688
-696
-240
831
875
764
-937
564
-71
-194
-349
324
-403
-785
331
-356
-123
367
-159
763
123
-863
-312
-37
907
917
231
571
400
251
74
-977
-190
197
668
241
78
-60
-179
-36
44
255
-219
-717
-993
-379
383
-832
-897
654
-461
-168
-191
-415
-800
653
-545
-560
-567
660
-360
-155
896
-508
-623
599
-153
222
-960
-44
-817
-835
-25
982
-707
-806
565
-184
-546
336
-791
406
-102
640
912
-554
394
-475
-943
-216
693
-477
-156
-748
324
-106
783
340
-488
242
834
-731
-604
-753
-147
499
909
-563
-31
-117
294
34
-112
175
632
-711
-257
468
66
727
668
-859
-11
-423
535
-107
853
-981
839
65
-579
123
184
-955
833
-174
-764
611
135
-41
-824
-889
245
913
240
670
-916
722
74
-113
531
-679
-213
-100
-342
-429
-467
-53
322
619
-731
-525
853
-948
70
-273
-744
-979
857
706
-319
-279
306
-910
-561
681
31
-663
543
722
487
120
653
-550
-398
-84
-331
-866
-557
-59
-321
-682
585
-487
661
964
-535
869
925
452
440
-666
-420
-205
-172
-192
-359
-678
229
-893
-230
381
-308
-703
-850
-416
783
-403
855
-449
-444
156
-594
-912
-113
639
690
-488
11
-459
726
-188
968
-769
831
548
859
261
-117
779
-867
972
-230
893
-442
562
502
116
70
0
-425
146
-211
840
452
-44
-22
496
-361
-818
724
-205
-661
996
742
598
-787
740
-951
59
75
-305
677
296
-739
884
-289
-790
-358
-159
-509
-73
-599
-81
-794
-976
-172
709
-419
308
243
134
104
-611
-811
811
313
-945
-768
826
582
852
650
-921
494
-944
-299
-316
157
-784
937
628
-306
986
-382
442
382
707
407
-337
221
962
-456
-407
-187
437
-238
-593
893
-721
907
-363
849
-134
835
551
-664
-590
208
395
664
-143
941
89
-28
171
637
388
-827
357
591
69
553
895
75
-304
22
-602
-385
239
758
856
395
-337
-212
-539
606
-279
449
-408
-923
476
-142
-581
-658
496
-12
37
-486
-954
-51
-341
-347
661
-164
995
541
95
81
91
485
-486
654
213
-890
59
-904
738
333
-257
-432
-977
468
-971
-52
829
-368
-97
768
873
721
-955
449
-70
-892
-386
826
507
-64
561
660
860
967
-819
-206
488
920
-78
-337
-355
-181
610
928
-187
-840
-253
380
-547
748
339
384
-760
-210
899
-299
853
442
949
-745
943
30
-895
-289
743
861
-377
-322
-119
-291
-83
-505
868
-520
-345
-384
-147
-417
566
49
-221
283
-779
-939
-470
298
-887
165
812
-622
-384
-964
986
407
614
137
-360
205
-858
598
190
493
814
393
513
329
-254
790
-89
-359
-926
-325
-79
-669
984
901
378
-221
520
306
778
866
968
770
-395
-153
462
-417
21
-453
426
-729
-344
-107
963
385
-197
-603
823
83
278
-21
30
223
-990
216
442
-540
-365
506
808
79
207
-830
121
-101
-915
-619
317
795
-633
877
-619
910
678
-208
83
665
399
-759
134
-554
-913
-353
-164
-909
-376
-261
466
-329
-727
380
-76
350
-79
-795
318
-953
-179
957
98
794
606
979
252
245
660
775
494
629
-78
43
-779
-255
39
313
107
-114
-112
-571
100
-355
-78
176
-865
893
808
73
989
784
616
-529
671
201
760
-891
-325
153
-29
98
-191
-286
-578
-934
-756
402
-448
265
-37
-535
437
747
-26
-721
258
739
-848
807
146
-414
-432
-922
360
308
753
-474
230
-786
-929
774
703
-178
745
669
-537
554
385
785
588
393
-439
240
-861
-635
-473
-954
241
831
725
909
-92
-411
713
-971
-151
-287
-821
145
-374
284
-154
375
-686
-142
-216
238
790
71
-208
-173
470
104
-8
79
-66
728
117
-414
-37
-540
138
152
-796
-909
575
-215
-245
887
-18
233
677
-853
-992
-757
-973
639
-53
287
-278
107
-897
-720
572
-431
559
87
-817
575
-992
694
-602
685
573
-26
-464
-409
-348
30
320
359
58
-641
-659
224
246
660
-456
-258
-6
-352
953
143
162
372
-747
446
-934
-893
-866
-185
396
-33
742
222
-267
961
-270
-475
-847
-282
379
194
132
571
782
-787
-433
172
833
924
27
613
-683
927
-653
270
-128
-660
901
-120
-860
-436
-794
717
-22
648
117
741
-256
-138
-286
741
663
528
-818
-925
-352
7
696
130
511
311
181
-307
161
878
-872
-162
34
435
69
800
-243
480
730
489
-668
-413
580
-905
240
-308
179
-482
-547
547
-980
-714
432
825
-702
532
514
-242
546
-126
-810
-494
75
803
-880
-385
790
774
169
146
726
-952
477
319
-585
154
725
-173
-249
-295
458
-896
-683
459
-741
63
558
940
386
103
-128
630
687
759
178
-368
77
-784
-65
100
-404
-352
-194
-978
721
934
-438
756
-802
-611
-335
-88
773
-81
-92
-607
567
834
-707
-887
-106
242
760
-651
393
544
-666
-850
944
-974
450
459
230
-509
340
114
-57
991
-726
-958
-57
-593
-295
295
726
-880
382
-927
-667
-947
-844
282
982
382
9
-699
977
-23
498
-476
610
-770
965
562
-358
924
70
984
425
800
226
384
479
-592
-914
-282
318
746
642
-923
-177
-312
814
-821
567
-19
-88
-366
843
-67
14
-103
923
865
998
-558
-827
-212
899
703
966
-649
-808
448
363
-984
-812
-753
222
216
-786
-237
520
347
524
387
-561
-837
-753
-738
-656
662
838
634
-356
-240
-210
-434
-916
-697
851
275
916
216
-347
756
-221
462
347
157
686
313
452
57
305
385
846
458
718
-107
220
794
-249
-307
-789
-415
-912
-564
-447
429
-46
820
-372
-7
-523
-970
621
-517
683
-436
-523
94
444
-956
914
-521
-244
80
-526
518
753
-100
-62
821
-527
424
784
650
29
607
637
433
690
549
-233
-907
944
581
-226
942
406
-440
897
-720
618
367
-987
126
-46
811
-86
-455
245
486
-119
-810
-376
-763
-744
-799
-491
643
-706
402
-276
780
-437
99
160
324
474
656
-981
-543
483
154
628
473
931
-134
-334
92
-736
-976
549
-745
405
870
-567
811
-505
993
331
-853
-477
-753
-96
743
124
221
875
486
-308
-105
837
-747
660
886
95
-314
360
974
545
976
-274
-6
-698
-574
-15
633
665
-192
-717
-432
-734
740
-580
-781
-208
415
480
-838
425
-773
-199
-956
-150
-404
80
-179
750
-452
146
655
-838
461
-998
99
308
-289
-26
-657
-931
-79
755
-795
-952
526
-357
59
-349
-919
639
844
687
715
-59
511
745
611
-568
-481
-337
-374
-328
166
-1
-897
-608
841
-490
-234
-410
836
-234
-601
626
648
-202
564
-769
845
834
-933
-594
870
979
-72
145
106
-8
-624
-35
-827
-523
-899
-14
-887
354
-392
-114
260
750
190
-936
-802
-952
-242
-870
847
575
741
300
491
-467
-97
-100
-689
-973
242
965
522
787
262
382
246
803
586
293
-992
662
-220
-743
227
-899
-773
77
336
-879
255
473
946
-944
888
-867
-845
447
-418
582
-626
598
667
184
-392
301
313
-404
167
403
137
-135
-856
33
223
-844
-868
-960
-849
-918
772
-136
-65
-768
602
868
-182
724
663
270
-677
39
-957
-943
-237
533
-601
-46
-939
-699
828
-191
807
-304
-464
830
-222
-794
966
69
-936
-60
-402
-72
-674
344
-983
501
-555
367
7
-642
-835
952
324
170
698
-709
700
701
-84
-573
-679
-581
806
256
813
-577
420
906
-369
387
-611
526
-884
171
-70
-951
174
492
-99
-443
661
380
-439
193
134
-416
-59
289
307
33
-882
947
790
440
710
-54
320
-859
-809
334
-396
-5
-915
670
-649
961
632
407
-581
-900
-473
654
529
318
-30
924
-968
701
996
632
516
807
-57
263
255
-991
-862
268
-230
239
578
977
244
847
-761
-83
304
918
534
503
339
94
-310
-665
-46
-219
-544
510
990
831
261
783
-301
687
338
388
601
-726
-785
-883
19
-154
517
391
-392
580
340
-494
42
-372
157
-913
719
-661
-620
10
584
673
-726
-422
-348
-309
86
385
923
146
-856
526
-195
304
581
-208
804
-826
-425
-689
-11
-517
528
-683
47
415
-488
94
-532
312
-200
-996
-854
-12
-531
-145
-585
237
589
581
-338
-371
-558
118
-647
-466
-342
-777
-746
170
-513
454
-366
-527
288
-384
896
-806
533
-198
539
791
39
613
-318
209
530
81
41
-225
184
922
-602
-170
609
750
-215
-932
555
-259
457
695
816
-636
225
939
82
192
974
-878
719
974
852
-774
-722
-436
591
787
-320
460
-262
298
981
-272
-276
-876
799
-63
-219
315
507
364
409
-416
593
469
264
448
274
467
-872
-444
-300
677
-345
-785
-841
535
850
727
-926
-242
407
-798
-198
717
834
-258
950
654
-439
-23
693
748
-334
-756
-737
367
475
20
-536
-245
798
-700
-767
-976
57
-95
396
-380
-239
-371
210
-27
-652
294
-565
466
-69
-420
322
-985
524
168
221
921
637
-454
-181
840
569
804
257
138
981
-139
251
-853
-601
631
205
746
-275
-332
-277
956
597
488
730
764
498
716
18
-290
402
-469
221
-150
-801
-469
-304
391
-387
32
-947
247
78
-450
-929
-517
-567
882
309
620
-254
396
881
623
-671
-119
-666
-792
771
648
393
478
678
-160
-246
-369
-788
-893
335
429
301
926
-641
63
581
426
-434
307
-931
-803
-377
109
658
-430
-830
-979
-543
-871
74
579
-73
-777
-457
43
-51
897
684
-83
451
-848
762
-173
-624
608
311
-375
223
873
-256
-598
-462
728
116
-343
-564
-292
-393
236
-522
279
796
-901
534
630
-283
-969
709
-663
-160
-275
938
399
-739
-557
15
-4
-269
178
383
513
153
707
124
-266
-671
383
-42
730
707
778
-968
-635
215
-196
-634
-602
414
-633
744
-675
944
312
-99
456
-487
137
-884
-749
-570
576
-491
-893
-554
-801
-485
218
39
130
571
-294
-184
61
694
896
-665
-464
-608
865
267
-716
554
290
357
-852
-891
686
708
1
802
-96
427
-690
441
287
966
801
-125
473
-468
224
440
-240
914
526
-377
586
833
173
856
-275
-542
-109
251
-911
-179
-748
-784
-411
985
667
-902
818
606
567
-988
607
382
-292
-39
925
868
959
153
437
-74
500
-961
706
170
-170
-344
277
-627
815
64
893
-51
-957
-171
-522
-190
-997
290
-122
-844
78
162
-309
-686
-423
44
-368
215
182
-840
272
-334
106
-64
-641
296
585
14
-811
1
858
-751
451
-886
445
769
380
891
-100
-448
544
-244
-835
668
293
58
-820
-187
-411
-959
-204
-659
558
262
-165
-385
61
404
-733
189
219
648
-189
0
-563
272
94
-29
-725
758
-240
643
867
691
-90
298
819
382
488
151
-382
429
-703
-203
439
732
107
-108
-832
669
-29
-979
-150
-453
-595
836
880
879
-605
540
583
969
737
330
-18
-252
641
-334
404
651
-717
-657
-230
-238
633
911
-297
-327
-874
312
-923
652
885
690
-468
-620
599
-32
630
-866
411
-437
167
-618
881
561
-980
583
-743
954
-734
375
993
876
-436
692
-129
466
-657
-750
-828
-374
-307
708
-623
-223
158
66
372
-509
-525
288
-575
-806
791
116
833
-390
697
339
11
-639
-569
987
-898
-833
-920
-195
-411
208
94
-227
654
377
872
390
378
-491
-230
-839
-636
746
665
499
703
-92
770
604
-531
280
977
575
327
579
647
-245
21
812
943
655
-696
536
-141
-914
273
514
326
859
5
816
628
513
-572
184
449
562
846
502
329
-355
-601
507
-401
-157
-746
82
593
646
861
764
14
890
-97
-319
-192
-302
740
-497
101
287
985
338
-135
605
726
-634
476
-653
-410
-415
508
182
258
-571
-233
166
-403
975
-827
-824
-736
713
800
-36
537
297
411
626
-157
964
-264
-264
-333
424
-281
971
-912
-684
-455
-468
57
-784
71
843
215
-597
-317
-302
416
-14
462
963
687
159
30
-950
-647
-490
635
-269
575
-879
417
204
501
-72
-244
-223
-125
-102
-110
-628
-617
-549
-407
-447
-588
744
-991
295
-799
-289
220
-199
385
-492
-399
619
-680
604
-285
-170
-902
-948
610
-754
286
-316
-763
124
-440
-246
87
87
-990
-34
-444
-863
-804
-611
-991
310
-360
631
334
28
39
388
477
567
-412
-437
269
-227
-810
-15
-242
-196
-739
635
41
3
925
467
-856
-539
-55
-362
545
-123
-506
-643
358
-348
-616
-18
451
-712
300
-224
616
258
-49
-287
-887
-709
638
-476
-969
-855
65
357
649
-157
540
-517
626
822
574
855
426
830
-457
-537
-340
-660
-691
980
546
-686
165
481
854
504
137
353
742
655
-303
682
612
508
-535
-67
438
-260
-50
955
-241
323
-100
-445
-52
565
452
648
304
-148
227
8
819
962
892
-148
821
871
463
149
-640
287
203
-345
-59
-785
389
11
439
765
927
-555
94
389
884
-75
548
-289
219
-398
-639
775
289
-957
611
538
-895
-131
-647
-88
964
903
-503
411
-122
-944
176
-579
-743
-505
-774
314
-257
707
29
-730
-776
112
107
-756
-328
-677
664
-965
271
454
-302
800
659
-660
-869
448
635
-968
270
-827
-142
135
-711
-453
498
340
560
143
649
-830
251
-825
-138
747
893
-914
96
-254
532
-18
-805
-304
220
-936
642
692
334
-217
-432
225
805
-733
542
152
-199
-41
240
188
815
-489
-136
-772
-227
-329
748
-404
946
313
-492
181
-137
508
-663
898
-551
-334
-181
-319
107
41
177
-494
-803
132
709
-216
-871
-461
153
7
-366
994
-88
-222
-597
481
-703
146
-93
510
-48
200
24
696
664
-615
-240
-992
-401
-177
380
352
472
-933
699
239
-44
941
560
716
-922
451
-753
115
110
-111
-78
-507
-329
81
852
-477
759
-150
-287
-930
-583
-232
-899
925
-119
846
-371
774
-594
-451
569
-885
-867
741
602
-103
637
-271
-138
-526
-958
-22
371
-29
88
-769
-335
-9
-996
-370
485
57
-57
-330
714
-570
-752
-262
-240
526
-413
-111
40
926
321
-234
751
620
705
727
-208
-526
-435
595
-66
-469
479
-629
-161
-125
405
-109
541
-826
487
-697
-351
191
220
-122
985
835
287
-537
-198
648
285
650
77
-368
751
-991
-83
-449
-307
934
551
456
951
341
-356
478
-819
931
652
294
948
-738
862
-288
856
-285
358
336
-978
-320
486
173
272
-239
-879
-962
-527
551
-224
-62
-200
-9
-915
234
802
258
-263
759
-161
120
192
-234
96
-881
592
3
311
188
764
-482
553
-425
622
865
-341
671
-586
-934
818
623
336
-981
-515
70
-856
-66
92
808
-446
108
-352
87
-622
540
71
979
-82
-522
-459
243
169
-948
288
-594
495
-737
2
451
-666
141
347
-554
-275
67
-327
47
-586
-642
546
901
-597
-514
217
779
-394
634
406
-721
-982
-487
-304
-249
10
-39
583
-758
77
857
-122
-316
533
-172
681
225
-957
-843
296
957
-741
482
-459
-338
444
225
-390
-80
-859
871
-930
-38
949
-399
-888
795
96
-94
-857
438
327
-755
-828
650
-448
751
141
466
260
890
-570
314
-281
-348
606
-214
-655
153
221
-220
170
-947
-680
505
-559
-26
195
-669
516
-896
-465
-156
98
828
-420
884
-434
-147
703
451
935
-261
696
-531
-403
644
-145
325
-745
282
684
184
191
-304
-801
-752
-212
805
-56
261
-549
-75
-595
835
-43
746
272
904
-174
578
-909
115
-506
-884
519
327
441
827
-524
-577
-981
-70
-281
113
403
538
456
866
-36
255
59
-973
-564
515
182
-211
522
859
-739
-459
923
-616
769
553
183
-968
95
138
777
-809
388
388
-291
-862
-946
-714
-809
-802
-729
-804
-798
378
455
623
-931
-759
-808
237
507
606
65
-566
409
-598
671
430
765
409
593
-514
745
368
-485
96
169
289
959
664
-842
-215
-537
789
805
-67
59
849
925
420
613
489
-490
-914
-288
-914
745
-27
283
-385
-544
199
-205
536
-538
-551
572
-366
580
-679
-844
-18
-270
-267
-530
727
-813
-512
-162
-522
-633
580
-198
573
-386
612
-146
274
-330
-981
465
-437
-216
829
-48
-214
-114
-81
321
596
-868
462
-279
614
101
227
-1
605
-934
-606
437
145
860
205
-533
531
442
-833
-985
-904
-761
521
-171
-395
785
-696
-73
896
100
762
-225
323
660
576
-3
-481
493
545
790
-902
538
-355
-839
263
34
-542
-862
245
-145
-422
-662
954
-731
-91
354
260
-467
-511
-970
-677
-704
890
508
629
775
-873
-720
242
-657
265
-193
995
165
-275
519
-870
-117
532
610
-849
-122
-339
-455
-873
-945
-932
-877
-633
601
-704
76
799
616
652
23
548
130
-526
8
-524
764
-424
867
-560
-429
810
727
-811
504
-213
291
-127
53
-72
-968
-817
19
-482
-417
-123
551
829
-279
63
915
-538
169
-471
-642
-435
-221
361
852
463
732
-988
922
-729
717
-193
-935
129
-410
929
574
34
-34
51
-387
786
369
748
614
-974
-925
-235
978
746
-787
-553
-141
-633
401
-604
731
-634
-887
780
-122
-537
653
-790
-401
-732
-373
569
182
979
-627
-360
213
901
-756
-348
-926
163
728
446
-383
586
72
-119
271
-692
178
323
-891
399
506
-962
301
-880
521
447
-44
-792
-393
-234
145
400
-763
-453
-291
302
-132
985
-371
763
667
-608
817
-889
-481
72
-397
-129
682
215
407
-847
749
487
-427
949
27
488
72
802
-393
393
404
-940
-410
369
951
-288
-492
-355
-481
894
903
-810
984
412
-631
-296
-515
815
-445
-13
-846
91
671
644
-77
-891
-508
-123
659
384
916
197
-483
798
392
882
-972
390
175
-189
349
831
-678
731
506
-243
216
-64
-153
-378
310
887
-170
680
-122
459
334
213
-839
854
-855
-696
29
-894
393
-132
297
911
482
774
-769
664
529
-411
-223
-47
-834
-210
905
-446
281
-609
335
-854
-649
1
-658
-109
-701
185
-336
877
488
836
230
226
539
-469
380
924
864
653
23
804
948
443
668
831
-153
285
-251
713
-216
871
701
-184
762
689
-445
320
-6
253
-665
-495
75
252
355
-843
625
110
473
343
-669
-685
-749
-893
809
108
942
965
287
-993
-598
-741
-527
-505
-617
-805
-102
32
165
781
-303
437
747
521
-726
-146
483
702
563
536
-891
954
513
387
727
873
498
-370
682
-544
-608
813
987
423
-943
232
-229
-709
287
-375
-926
-543
785
746
-664
683
-50
879
-842
-482
377
-812
-335
308
-990
-536
615
-758
-489
-381
142
